100 01000000000000000100
101 01001010001111000001
102 00100000000010010000
103 00000000000000000010
104 01000010000000000000
105 01000000000000000000
106 01000000000000110000
107 01000000000000010000
108 00000000000001111111
109 00000000000010000000
110 00000000000000001101
111 01000000000000011011
112 01000000000000000001
113 00000000001111000001
114 00000000000000000000
115 00000000000000000000
116 01000000000000001000
117 01001011000011000111
118 01000000000000000001
119 00000000000010000000
120 00000000000000001100
121 01000000000000000010
122 00000000000001000000
123 00000000000000000000
124 00000000000000000000
125 00001111111111111010
126 01000000000000000001
127 00000000000010000000
128 00000000000000001100
129 01000000000000000001
130 00000000000010010000
131 00000000000000000101
132 01000000000000001000
133 01001011000001000001
134 00000000000001100000
135 00000000000000001000
136 00000000000001100000
137 00000000000000001000
138 01001000000000000000
